100
92 91
35 46
98 83
69 75
25 98
70 74
22 53
88 96
94 43
54 38
88 81
50 97
95 15
14 98
68 80
8 36
17 94
49 12
93 83
17 83
59 39
24 98
94 44
53 89
24 71
80 56
45 51
84 29
84 1
41 40
69 45
57 55
6 22
50 91
6 56
92 96
55 35
66 8
79 53
8 67
51 37
54 44
51 42
54 81
39 66
92 52
45 43
98 75
59 74
43 62
60 90
85 12
46 77
23 24
65 20
80 68
34 63
12 34
31 46
75 29
72 22
27 92
57 86
21 61
49 5
51 45
70 55
46 71
22 16
3 59
55 97
51 15
80 20
35 49
57 98
72 76
13 34
72 53
18 75
24 46
36 7
89 1
27 77
68 82
16 89
43 98
93 36
51 49
9 98
69 87
92 19
19 33
92 89
95 5
10 14
56 25
89 30
56 11
98 65
77 53
