500
77 85
19 54
43 81
88 9
72 84
62 39
76 34
14 20
58 57
35 40
27 2
19 49
24 63
19 70
31 57
30 54
31 19
98 12
69 94
55 24
25 90
3 40
66 98
75 34
89 67
14 76
44 34
29 71
31 22
15 62
27 5
96 91
61 12
37 49
84 91
82 99
9 55
20 98
64 83
51 98
97 20
54 35
9 31
83 99
62 60
17 91
89 73
28 21
30 48
27 52
84 55
85 6
55 98
87 62
55 66
84 80
87 69
66 81
49 43
91 35
9 35
74 2
77 20
89 61
11 8
44 81
25 49
12 91
74 67
48 2
11 34
6 50
46 31
48 26
57 82
4 77
10 10
5 74
46 99
19 62
37 23
16 10
57 44
82 20
59 61
12 36
26 23
5 36
82 76
36 49
12 19
62 11
47 30
62 2
83 1
5 68
47 10
94 45
71 49
8 42
63 60
52 9
27 70
33 31
71 48
52 95
43 55
95 20
16 66
52 44
84 43
2 43
24 2
77 35
49 38
4 89
28 71
16 27
12 12
75 36
38 42
89 38
91 55
70 55
30 46
45 88
21 79
89 18
11 35
96 79
61 47
36 66
14 26
87 81
38 39
87 57
57 100
41 34
61 45
20 82
38 35
19 48
54 71
20 75
55 75
91 12
74 83
82 2
74 90
29 55
32 88
47 27
25 96
45 42
25 80
22 54
3 93
55 26
56 42
40 42
87 39
62 42
78 47
80 32
23 6
81 52
92 83
40 79
53 70
44 50
98 69
81 89
2 10
19 24
33 81
21 22
64 3
35 81
98 93
63 77
96 15
79 22
38 88
2 49
94 98
85 25
96 25
96 98
51 87
78 4
57 91
66 85
58 47
67 82
36 53
4 6
6 96
84 31
22 97
33 39
48 36
66 34
96 66
10 68
42 99
31 17
81 86
51 73
8 83
51 45
26 91
83 92
44 19
22 49
23 7
87 79
96 78
68 23
21 16
19 43
51 62
43 52
87 84
61 30
21 81
56 29
29 47
92 47
72 21
13 40
66 26
37 9
86 4
61 24
94 77
97 23
80 18
47 97
21 66
63 53
42 65
96 94
2 22
91 61
35 99
68 50
96 6
81 64
69 76
34 7
39 18
32 74
77 4
52 52
48 24
14 36
99 27
18 10
50 95
5 9
88 17
94 29
38 34
88 34
2 60
56 21
24 44
69 42
22 91
65 80
58 75
88 97
70 74
15 17
86 15
28 30
57 14
10 94
84 64
37 66
43 40
100 97
38 4
61 95
76 98
71 45
29 66
35 75
26 81
19 66
2 97
84 36
57 20
70 85
9 32
30 67
76 75
26 28
65 7
40 20
84 85
94 39
40 27
84 27
93 55
78 23
75 45
82 77
22 23
5 83
49 36
59 13
6 34
56 51
49 76
92 67
19 22
47 43
40 13
98 72
89 70
71 65
49 51
77 32
68 82
25 31
13 15
94 80
65 53
5 56
100 76
24 84
91 20
36 30
11 98
65 89
95 95
83 26
27 46
75 61
19 26
82 96
43 13
20 31
26 19
16 80
21 18
80 93
35 80
81 46
78 99
73 2
63 9
95 40
56 91
55 11
29 72
67 89
76 94
31 44
52 27
60 78
58 49
21 64
35 98
99 62
48 63
87 64
23 33
42 33
9 47
49 56
57 21
12 23
47 59
14 12
69 96
39 57
12 97
38 32
26 93
45 84
88 89
25 71
27 6
66 4
9 8
58 6
29 12
39 37
5 64
56 1
90 71
51 46
4 13
77 74
63 55
31 28
33 48
42 47
68 18
69 5
39 64
99 26
51 58
29 9
66 90
73 15
31 32
44 39
93 28
97 28
73 44
30 64
59 17
64 70
2 58
84 39
70 59
24 38
99 83
5 100
27 92
68 49
77 45
28 14
8 73
79 81
36 55
88 47
72 23
40 12
90 74
15 36
60 61
28 85
88 64
3 84
41 16
83 61
4 9
16 38
59 88
89 55
36 91
76 76
49 11
85 20
1 93
33 58
71 68
78 13
34 53
95 93
92 74
1 33
43 8
41 9
78 34
92 93
29 26
80 89
73 25
44 29
33 83
35 9
52 12
99 2
97 55
34 12
81 22
33 38
44 43
88 79
86 39
100 5
1 94
11 47
30 58
12 27
60 93
88 28
67 72
51 24
49 34
50 77
28 50
29 80
56 66
33 17
48 94
77 88
44 7
94 25
39 2
28 23
23 3
10 81
71 63
56 62
